0, 1537, 1736739455734.458000
1537, 3073, 1736739455735.268000
3073, 3229, 1736739455735.66000
3229, 3241, 1736739455778.768000
3241, 3341, 1736739455819.661000
3341, 3353, 1736739455820.108000
3353, 3383, 1736739455863.629000
3383, 3395, 1736739456157.972000
3395, 3730, 1736739456199.708000
3730, 3742, 1736739457262.309000
3742, 6478, 1736739457262.34000
6478, 10582, 1736739457262.347000
10582, 14686, 1736739457262.352000
14686, 16054, 1736739457262.356000
16054, 18790, 1736739457262.81000
18790, 22894, 1736739457262.819000
22894, 24262, 1736739457262.868000
24262, 29734, 1736739457262.874000
29734, 32420, 1736739457262.926000
32420, 35156, 1736739457262.931000
35156, 36524, 1736739457262.935000
36524, 39260, 1736739457262.985000
39260, 43364, 1736739457262.991000
43364, 47468, 1736739457263.211000
47468, 50204, 1736739457263.217000
50204, 51572, 1736739457263.268000
51572, 55676, 1736739457263.273000
55676, 57044, 1736739457263.277000
57044, 59780, 1736739457263.327000
59780, 61099, 1736739457263.332000
61099, 63835, 1736739457263.334000
63835, 67939, 1736739457263.385000
67939, 70675, 1736739457263.39000
70675, 72043, 1736739457263.442000
72043, 76147, 1736739457263.446000
76147, 77515, 1736739457263.451000
77515, 80251, 1736739457263.501000
80251, 84355, 1736739457263.506000
84355, 88459, 1736739457263.56000
88459, 91195, 1736739457263.566000
91195, 92563, 1736739457263.617000
92563, 96667, 1736739457263.621000
96667, 98035, 1736739457263.626000
98035, 100771, 1736739457263.676000
100771, 104875, 1736739457263.68000
104875, 108979, 1736739457263.735000
108979, 111715, 1736739457263.74000
111715, 113083, 1736739457263.791000
113083, 114361, 1736739457263.794000
114361, 117097, 1736739457263.798000
117097, 118465, 1736739457263.8000
118465, 121201, 1736739457263.85000
121201, 125305, 1736739457263.855000
125305, 129409, 1736739457263.909000
129409, 132145, 1736739457263.914000
132145, 133513, 1736739457263.966000
133513, 136249, 1736739457263.971000
136249, 138985, 1736739457263.975000
138985, 143089, 1736739457264.026000
143089, 145825, 1736739457264.032000
145825, 152665, 1736739457264.085000
152665, 156769, 1736739457264.139000
156769, 163609, 1736739457264.186000
163609, 169213, 1736739457264.235000
169213, 169221, 1736739457276.632000
169221, 171957, 1736739457276.638000
171957, 174693, 1736739457276.643000
174693, 176061, 1736739457276.69000
176061, 180165, 1736739457276.694000
180165, 181533, 1736739457276.699000
181533, 184269, 1736739457276.749000
184269, 188373, 1736739457276.754000
188373, 192477, 1736739457276.807000
192477, 195213, 1736739457276.812000
195213, 196581, 1736739457276.865000
196581, 200685, 1736739457276.87000
200685, 202053, 1736739457276.875000
202053, 204789, 1736739457276.924000
204789, 208893, 1736739457276.929000
208893, 212997, 1736739457276.982000
212997, 215733, 1736739457276.987000
215733, 217101, 1736739457277.029000
217101, 221205, 1736739457277.034000
221205, 221362, 1736739457277.039000
221362, 221370, 1736739457289.153000
221370, 224106, 1736739457289.158000
224106, 226842, 1736739457289.161000
226842, 228210, 1736739457289.211000
228210, 232314, 1736739457289.216000
232314, 233682, 1736739457289.22000
233682, 236418, 1736739457289.27000
236418, 240522, 1736739457289.274000
240522, 244626, 1736739457289.328000
244626, 247362, 1736739457289.334000
247362, 248730, 1736739457289.386000
248730, 252834, 1736739457289.391000
252834, 254202, 1736739457289.397000
254202, 256938, 1736739457289.445000
256938, 261042, 1736739457289.451000
261042, 265146, 1736739457289.519000
265146, 267882, 1736739457289.525000
267882, 269250, 1736739457289.561000
269250, 273354, 1736739457289.565000
273354, 274722, 1736739457289.569000
274722, 277458, 1736739457289.619000
277458, 281562, 1736739457289.624000
281562, 285666, 1736739457289.678000
285666, 288402, 1736739457289.683000
288402, 289770, 1736739457289.741000
289770, 292506, 1736739457289.745000
292506, 293619, 1736739457289.749000
293619, 293627, 1736739457301.525000
293627, 296363, 1736739457301.529000
296363, 299099, 1736739457301.534000
299099, 300467, 1736739457301.583000
300467, 304571, 1736739457301.587000
304571, 305939, 1736739457301.591000
305939, 308675, 1736739457301.642000
308675, 312779, 1736739457301.647000
312779, 316883, 1736739457301.7000
316883, 319619, 1736739457301.705000
319619, 320987, 1736739457301.758000
320987, 325091, 1736739457301.762000
325091, 326459, 1736739457301.766000
326459, 329195, 1736739457301.817000
329195, 333299, 1736739457301.822000
333299, 337403, 1736739457301.875000
337403, 340139, 1736739457301.88000
340139, 341507, 1736739457301.933000
341507, 345611, 1736739457301.937000
345611, 346979, 1736739457301.941000
346979, 349715, 1736739457301.991000
349715, 353819, 1736739457301.996000
353819, 357923, 1736739457302.05000
357923, 360659, 1736739457302.055000
360659, 362027, 1736739457302.108000
362027, 366131, 1736739457302.112000
366131, 367499, 1736739457302.116000
367499, 370235, 1736739457302.166000
370235, 374339, 1736739457302.17000
374339, 378443, 1736739457302.225000
378443, 381179, 1736739457302.23000
381179, 383560, 1736739457302.264000
383560, 383568, 1736739457324.54000
383568, 386304, 1736739457324.546000
386304, 389040, 1736739457324.549000
389040, 390408, 1736739457324.596000
390408, 394512, 1736739457324.601000
394512, 395880, 1736739457324.603000
395880, 398616, 1736739457324.655000
398616, 402720, 1736739457324.659000
402720, 406824, 1736739457324.713000
406824, 409560, 1736739457324.717000
409560, 410928, 1736739457324.771000
410928, 415032, 1736739457324.774000
415032, 416400, 1736739457324.778000
416400, 419136, 1736739457324.83000
419136, 423240, 1736739457324.834000
423240, 427344, 1736739457324.888000
427344, 430080, 1736739457324.893000
430080, 431448, 1736739457324.946000
431448, 435552, 1736739457324.949000
435552, 436920, 1736739457324.953000
436920, 439656, 1736739457325.004000
439656, 443760, 1736739457325.008000
443760, 447864, 1736739457325.063000
447864, 450600, 1736739457325.067000
450600, 451968, 1736739457325.121000
451968, 456072, 1736739457325.123000
456072, 457440, 1736739457325.126000
457440, 460176, 1736739457325.179000
460176, 464280, 1736739457325.184000
464280, 468384, 1736739457325.238000
468384, 471120, 1736739457325.242000
471120, 477960, 1736739457325.297000
477960, 478622, 1736739457325.319000
478622, 478630, 1736739457337.53000
478630, 481366, 1736739457337.534000
481366, 484102, 1736739457337.536000
484102, 485470, 1736739457337.588000
485470, 489574, 1736739457337.591000
489574, 490942, 1736739457337.596000
490942, 493678, 1736739457337.646000
493678, 497782, 1736739457337.65000
497782, 501886, 1736739457337.705000
501886, 504622, 1736739457337.71000
504622, 505990, 1736739457337.771000
505990, 510094, 1736739457337.775000
510094, 511462, 1736739457337.779000
511462, 514198, 1736739457337.821000
514198, 518302, 1736739457337.826000
518302, 522406, 1736739457337.88000
522406, 525142, 1736739457337.885000
525142, 526510, 1736739457337.938000
526510, 530614, 1736739457337.941000
530614, 531982, 1736739457337.945000
531982, 534718, 1736739457337.996000
534718, 538822, 1736739457338.001000
538822, 542926, 1736739457338.06000
542926, 545662, 1736739457338.064000
545662, 547030, 1736739457338.111000
547030, 548278, 1736739457338.114000
548278, 551014, 1736739457338.117000
551014, 552382, 1736739457338.12000
552382, 555118, 1736739457338.177000
555118, 557854, 1736739457338.182000
557854, 558292, 1736739457338.501000
558292, 558300, 1736739457350.768000
558300, 561036, 1736739457350.772000
561036, 563772, 1736739457350.774000
563772, 565140, 1736739457350.826000
565140, 569244, 1736739457350.829000
569244, 570612, 1736739457350.833000
570612, 573348, 1736739457350.884000
573348, 577452, 1736739457350.889000
577452, 581556, 1736739457350.943000
581556, 584292, 1736739457350.946000
584292, 585660, 1736739457351.000
585660, 589764, 1736739457351.003000
589764, 591132, 1736739457351.008000
591132, 593868, 1736739457351.059000
593868, 597972, 1736739457351.064000
597972, 602076, 1736739457351.118000
602076, 604812, 1736739457351.122000
604812, 606180, 1736739457351.175000
606180, 610284, 1736739457351.178000
610284, 611652, 1736739457351.181000
611652, 614388, 1736739457351.25000
614388, 618492, 1736739457351.255000
618492, 622596, 1736739457351.292000
622596, 625332, 1736739457351.304000
625332, 626700, 1736739457351.35000
626700, 630804, 1736739457351.353000
630804, 632172, 1736739457351.356000
632172, 634908, 1736739457351.409000
634908, 639012, 1736739457351.414000
639012, 640239, 1736739457351.462000
640239, 642975, 1736739457351.465000
642975, 644065, 1736739457351.821000
644065, 644073, 1736739457374.056000
644073, 646809, 1736739457374.062000
646809, 649545, 1736739457374.064000
649545, 650913, 1736739457374.114000
650913, 655017, 1736739457374.117000
655017, 656385, 1736739457374.122000
656385, 659121, 1736739457374.173000
659121, 663225, 1736739457374.177000
663225, 667329, 1736739457374.231000
667329, 670065, 1736739457374.236000
670065, 671433, 1736739457374.289000
671433, 675537, 1736739457374.292000
675537, 676905, 1736739457374.296000
676905, 679641, 1736739457374.348000
679641, 683745, 1736739457374.352000
683745, 687849, 1736739457374.406000
687849, 690585, 1736739457374.412000
690585, 691953, 1736739457374.464000
691953, 696057, 1736739457374.466000
696057, 697425, 1736739457374.47000
697425, 700161, 1736739457374.523000
700161, 704265, 1736739457374.527000
704265, 708369, 1736739457374.581000
708369, 711105, 1736739457374.585000
711105, 712473, 1736739457374.639000
712473, 716577, 1736739457374.642000
716577, 717945, 1736739457374.645000
717945, 720681, 1736739457374.696000
720681, 721915, 1736739457374.7000
721915, 724651, 1736739457374.702000
724651, 727387, 1736739457374.738000
727387, 728492, 1736739457375.076000
728492, 728500, 1736739457387.318000
728500, 731236, 1736739457387.321000
731236, 733972, 1736739457387.324000
733972, 735340, 1736739457387.375000
735340, 739444, 1736739457387.377000
739444, 740812, 1736739457387.381000
740812, 743548, 1736739457387.433000
743548, 747652, 1736739457387.44000
747652, 751756, 1736739457387.492000
751756, 754492, 1736739457387.495000
754492, 755860, 1736739457387.549000
755860, 759964, 1736739457387.554000
759964, 761332, 1736739457387.559000
761332, 764068, 1736739457387.608000
764068, 768172, 1736739457387.614000
768172, 772276, 1736739457387.666000
772276, 775012, 1736739457387.672000
775012, 776380, 1736739457387.725000
776380, 780484, 1736739457387.729000
780484, 781852, 1736739457387.733000
781852, 784588, 1736739457387.783000
784588, 788692, 1736739457387.787000
788692, 792796, 1736739457387.842000
792796, 795532, 1736739457387.847000
795532, 796900, 1736739457387.898000
796900, 798149, 1736739457387.901000
798149, 800885, 1736739457387.904000
800885, 802253, 1736739457387.906000
802253, 804989, 1736739457387.957000
804989, 809093, 1736739457387.961000
809093, 813197, 1736739457388.015000
813197, 815933, 1736739457388.02000
815933, 817028, 1736739457388.185000
817028, 817036, 1736739457400.55000
817036, 819772, 1736739457400.556000
819772, 822508, 1736739457400.559000
822508, 823876, 1736739457400.607000
823876, 827980, 1736739457400.61000
827980, 829348, 1736739457400.614000
829348, 832084, 1736739457400.665000
832084, 836188, 1736739457400.67000
836188, 840292, 1736739457400.724000
840292, 843028, 1736739457400.728000
843028, 844396, 1736739457400.782000
844396, 848500, 1736739457400.785000
848500, 849868, 1736739457400.789000
849868, 852604, 1736739457400.84000
852604, 856708, 1736739457400.844000
856708, 860812, 1736739457400.899000
860812, 863548, 1736739457400.904000
863548, 864916, 1736739457400.957000
864916, 869020, 1736739457400.959000
869020, 870388, 1736739457400.963000
870388, 873124, 1736739457401.015000
873124, 877228, 1736739457401.019000
877228, 881332, 1736739457401.074000
881332, 884068, 1736739457401.078000
884068, 885436, 1736739457401.131000
885436, 889540, 1736739457401.134000
889540, 890908, 1736739457401.137000
890908, 892106, 1736739457401.161000
892106, 892114, 1736739457423.707000
892114, 894850, 1736739457423.711000
894850, 897586, 1736739457423.714000
897586, 898954, 1736739457423.765000
898954, 903058, 1736739457423.768000
903058, 904426, 1736739457423.772000
904426, 907162, 1736739457423.823000
907162, 911266, 1736739457423.827000
911266, 915370, 1736739457423.882000
915370, 918106, 1736739457423.887000
918106, 919474, 1736739457423.94000
919474, 923578, 1736739457423.942000
923578, 924946, 1736739457423.947000
924946, 927682, 1736739457423.999000
927682, 931786, 1736739457424.003000
931786, 935890, 1736739457424.057000
935890, 938626, 1736739457424.062000
938626, 939994, 1736739457424.114000
939994, 944098, 1736739457424.117000
944098, 945466, 1736739457424.121000
945466, 948202, 1736739457424.173000
948202, 952306, 1736739457424.177000
952306, 956410, 1736739457424.231000
956410, 959146, 1736739457424.235000
959146, 960514, 1736739457424.289000
960514, 964618, 1736739457424.292000
964618, 965986, 1736739457424.296000
965986, 968722, 1736739457424.348000
968722, 972826, 1736739457424.352000
972826, 974053, 1736739457424.401000
974053, 976789, 1736739457424.403000
976789, 977530, 1736739457424.77000
977530, 977538, 1736739457436.828000
977538, 980274, 1736739457436.833000
980274, 983010, 1736739457436.836000
983010, 984378, 1736739457436.886000
984378, 988482, 1736739457436.889000
988482, 989850, 1736739457436.893000
989850, 992586, 1736739457436.951000
992586, 996690, 1736739457436.955000
996690, 1000794, 1736739457437.016000
1000794, 1003530, 1736739457437.021000
1003530, 1004898, 1736739457437.061000
1004898, 1009002, 1736739457437.064000
1009002, 1010370, 1736739457437.068000
1010370, 1013106, 1736739457437.119000
1013106, 1017210, 1736739457437.124000
1017210, 1021314, 1736739457437.178000
1021314, 1024050, 1736739457437.183000
1024050, 1025418, 1736739457437.236000
1025418, 1029522, 1736739457437.239000
1029522, 1030890, 1736739457437.243000
1030890, 1033626, 1736739457437.294000
1033626, 1037730, 1736739457437.299000
1037730, 1041834, 1736739457437.353000
1041834, 1044570, 1736739457437.357000
1044570, 1045938, 1736739457437.411000
1045938, 1050042, 1736739457437.414000
1050042, 1051410, 1736739457437.418000
1051410, 1054146, 1736739457437.463000
1054146, 1056882, 1736739457437.467000
1056882, 1057687, 1736739457437.469000
1057687, 1057695, 1736739457460.532000
1057695, 1060431, 1736739457460.536000
1060431, 1063167, 1736739457460.539000
1063167, 1064535, 1736739457460.59000
1064535, 1068639, 1736739457460.593000
1068639, 1070007, 1736739457460.597000
1070007, 1072743, 1736739457460.649000
1072743, 1076847, 1736739457460.653000
1076847, 1080951, 1736739457460.707000
1080951, 1083687, 1736739457460.712000
1083687, 1085055, 1736739457460.765000
1085055, 1089159, 1736739457460.768000
1089159, 1090527, 1736739457460.771000
1090527, 1093263, 1736739457460.823000
1093263, 1097367, 1736739457460.828000
1097367, 1101471, 1736739457460.882000
1101471, 1104207, 1736739457460.887000
1104207, 1105575, 1736739457460.94000
1105575, 1109679, 1736739457460.942000
1109679, 1111047, 1736739457460.945000
1111047, 1113783, 1736739457460.998000
1113783, 1117887, 1736739457461.003000
1117887, 1121991, 1736739457461.057000
1121991, 1124727, 1736739457461.061000
1124727, 1126095, 1736739457461.115000
1126095, 1130199, 1736739457461.117000
1130199, 1131567, 1736739457461.121000
1131567, 1134303, 1736739457461.173000
1134303, 1138407, 1736739457461.178000
1138407, 1142511, 1736739457461.223000
1142511, 1144410, 1736739457461.226000
1144410, 1144418, 1736739457473.543000
1144418, 1147154, 1736739457473.547000
1147154, 1149890, 1736739457473.55000
1149890, 1151258, 1736739457473.6000
1151258, 1155362, 1736739457473.603000
1155362, 1156730, 1736739457473.606000
1156730, 1159466, 1736739457473.659000
1159466, 1163570, 1736739457473.663000
1163570, 1167674, 1736739457473.717000
1167674, 1170410, 1736739457473.722000
1170410, 1171778, 1736739457473.775000
1171778, 1175882, 1736739457473.778000
1175882, 1177250, 1736739457473.782000
1177250, 1179986, 1736739457473.834000
1179986, 1184090, 1736739457473.838000
1184090, 1188194, 1736739457473.892000
1188194, 1190930, 1736739457473.896000
1190930, 1192298, 1736739457473.95000
1192298, 1196402, 1736739457473.953000
1196402, 1197770, 1736739457473.957000
1197770, 1200506, 1736739457474.009000
1200506, 1204610, 1736739457474.013000
1204610, 1208714, 1736739457474.067000
1208714, 1211450, 1736739457474.072000
1211450, 1212818, 1736739457474.123000
1212818, 1216922, 1736739457474.126000
1216922, 1218163, 1736739457474.129000
1218163, 1220899, 1736739457474.167000
1220899, 1222135, 1736739457474.511000
1222135, 1222143, 1736739457486.23000
1222143, 1224879, 1736739457486.235000
1224879, 1227615, 1736739457486.237000
1227615, 1228983, 1736739457486.287000
1228983, 1234455, 1736739457486.29000
1234455, 1237191, 1736739457486.346000
1237191, 1241295, 1736739457486.353000
1241295, 1248135, 1736739457486.405000
1248135, 1253607, 1736739457486.463000
1253607, 1254975, 1736739457486.469000
1254975, 1261815, 1736739457486.526000
1261815, 1265919, 1736739457486.579000
1265919, 1268655, 1736739457486.585000
1268655, 1275495, 1736739457486.638000
1275495, 1278231, 1736739457486.696000
1278231, 1282335, 1736739457486.701000
1282335, 1286439, 1736739457486.755000
1286439, 1289175, 1736739457486.76000
1289175, 1294647, 1736739457486.813000
1294647, 1296015, 1736739457486.817000
1296015, 1298751, 1736739457486.861000
1298751, 1299637, 1736739457486.865000
1299637, 1299645, 1736739457508.589000
1299645, 1302381, 1736739457508.595000
1302381, 1305117, 1736739457508.598000
1305117, 1306485, 1736739457508.646000
1306485, 1311957, 1736739457508.65000
1311957, 1314693, 1736739457508.705000
1314693, 1318797, 1736739457508.709000
1318797, 1322901, 1736739457508.763000
1322901, 1325637, 1736739457508.768000
1325637, 1331109, 1736739457508.822000
1331109, 1332477, 1736739457508.827000
1332477, 1339317, 1736739457508.88000
1339317, 1346157, 1736739457508.939000
1346157, 1347525, 1736739457508.996000
1347525, 1352997, 1736739457508.999000
1352997, 1355733, 1736739457509.055000
1355733, 1359837, 1736739457509.059000
1359837, 1363941, 1736739457509.113000
1363941, 1366677, 1736739457509.118000
1366677, 1372149, 1736739457509.172000
1372149, 1373517, 1736739457509.176000
1373517, 1377621, 1736739457509.233000
1377621, 1378649, 1736739457509.237000
1378649, 1378657, 1736739457521.476000
1378657, 1381393, 1736739457521.48000
1381393, 1384129, 1736739457521.482000
1384129, 1385497, 1736739457521.533000
1385497, 1389601, 1736739457521.536000
1389601, 1390969, 1736739457521.54000
1390969, 1393705, 1736739457521.592000
1393705, 1397809, 1736739457521.596000
1397809, 1401913, 1736739457521.65000
1401913, 1404649, 1736739457521.655000
1404649, 1406017, 1736739457521.708000
1406017, 1410121, 1736739457521.711000
1410121, 1411489, 1736739457521.714000
1411489, 1414225, 1736739457521.767000
1414225, 1418329, 1736739457521.771000
1418329, 1422433, 1736739457521.825000
1422433, 1425169, 1736739457521.83000
1425169, 1426537, 1736739457521.883000
1426537, 1430641, 1736739457521.885000
1430641, 1432009, 1736739457521.888000
1432009, 1434745, 1736739457521.941000
1434745, 1438849, 1736739457521.946000
1438849, 1442953, 1736739457522.000
1442953, 1445689, 1736739457522.004000
1445689, 1447057, 1736739457522.058000
1447057, 1451161, 1736739457522.06000
1451161, 1452529, 1736739457522.064000
1452529, 1455265, 1736739457522.107000
1455265, 1458001, 1736739457522.111000
1458001, 1458547, 1736739457522.113000
1458547, 1458555, 1736739457534.422000
1458555, 1461291, 1736739457534.426000
1461291, 1464027, 1736739457534.429000
1464027, 1465395, 1736739457534.48000
1465395, 1469499, 1736739457534.483000
1469499, 1470867, 1736739457534.487000
1470867, 1473603, 1736739457534.538000
1473603, 1477707, 1736739457534.543000
1477707, 1481811, 1736739457534.597000
1481811, 1484547, 1736739457534.602000
1484547, 1485915, 1736739457534.655000
1485915, 1490019, 1736739457534.657000
1490019, 1491387, 1736739457534.661000
1491387, 1494123, 1736739457534.721000
1494123, 1498227, 1736739457534.726000
1498227, 1502331, 1736739457534.772000
1502331, 1505067, 1736739457534.777000
1505067, 1506435, 1736739457534.83000
1506435, 1510539, 1736739457534.833000
1510539, 1511907, 1736739457534.837000
1511907, 1514643, 1736739457534.888000
1514643, 1518747, 1736739457534.893000
1518747, 1522851, 1736739457534.937000
1522851, 1524219, 1736739457534.942000
1524219, 1524671, 1736739457534.943000
1524671, 1524679, 1736739457557.474000
1524679, 1527415, 1736739457557.479000
1527415, 1530151, 1736739457557.483000
1530151, 1531519, 1736739457557.532000
1531519, 1535623, 1736739457557.535000
1535623, 1536991, 1736739457557.539000
1536991, 1539727, 1736739457557.59000
1539727, 1543831, 1736739457557.594000
1543831, 1547935, 1736739457557.649000
1547935, 1550671, 1736739457557.654000
1550671, 1552039, 1736739457557.707000
1552039, 1556143, 1736739457557.71000
1556143, 1557511, 1736739457557.713000
1557511, 1560247, 1736739457557.766000
1560247, 1564351, 1736739457557.771000
1564351, 1568455, 1736739457557.824000
1568455, 1571191, 1736739457557.829000
1571191, 1572559, 1736739457557.882000
1572559, 1576663, 1736739457557.885000
1576663, 1578031, 1736739457557.889000
1578031, 1580767, 1736739457557.941000
1580767, 1584871, 1736739457557.945000
1584871, 1588975, 1736739457557.999000
1588975, 1591711, 1736739457558.003000
1591711, 1593079, 1736739457558.057000
1593079, 1597183, 1736739457558.06000
1597183, 1598551, 1736739457558.063000
1598551, 1599919, 1736739457558.097000
1599919, 1600983, 1736739457558.1000
1600983, 1600991, 1736739457570.333000
1600991, 1603727, 1736739457570.358000
1603727, 1607831, 1736739457570.362000
1607831, 1611935, 1736739457570.365000
1611935, 1613303, 1736739457570.368000
1613303, 1616039, 1736739457570.405000
1616039, 1620143, 1736739457570.41000
1620143, 1624247, 1736739457570.462000
1624247, 1626983, 1736739457570.467000
1626983, 1628351, 1736739457570.519000
1628351, 1632455, 1736739457570.523000
1632455, 1633823, 1736739457570.526000
1633823, 1636559, 1736739457570.578000
1636559, 1640663, 1736739457570.583000
1640663, 1644767, 1736739457570.636000
1644767, 1647503, 1736739457570.642000
1647503, 1648871, 1736739457570.694000
1648871, 1652975, 1736739457570.697000
1652975, 1654343, 1736739457570.701000
1654343, 1657079, 1736739457570.753000
1657079, 1661183, 1736739457570.758000
1661183, 1665287, 1736739457570.811000
1665287, 1668023, 1736739457570.815000
1668023, 1669391, 1736739457570.869000
1669391, 1673495, 1736739457570.872000
1673495, 1674863, 1736739457570.876000
1674863, 1676111, 1736739457570.899000
1676111, 1676119, 1736739457593.258000
1676119, 1678855, 1736739457593.263000
1678855, 1681591, 1736739457593.266000
1681591, 1682959, 1736739457593.315000
1682959, 1687063, 1736739457593.319000
1687063, 1688431, 1736739457593.323000
1688431, 1691167, 1736739457593.374000
1691167, 1695271, 1736739457593.378000
1695271, 1699375, 1736739457593.433000
1699375, 1702111, 1736739457593.438000
1702111, 1703479, 1736739457593.49000
1703479, 1707583, 1736739457593.493000
1707583, 1708951, 1736739457593.497000
1708951, 1711687, 1736739457593.549000
1711687, 1715791, 1736739457593.554000
1715791, 1719895, 1736739457593.607000
1719895, 1722631, 1736739457593.612000
1722631, 1723999, 1736739457593.665000
1723999, 1728103, 1736739457593.668000
1728103, 1729471, 1736739457593.672000
1729471, 1732207, 1736739457593.723000
1732207, 1736311, 1736739457593.731000
1736311, 1740415, 1736739457593.782000
1740415, 1743151, 1736739457593.789000
1743151, 1744519, 1736739457593.849000
1744519, 1747255, 1736739457593.852000
1747255, 1748608, 1736739457593.856000
1748608, 1748616, 1736739457606.035000
1748616, 1751352, 1736739457606.042000
1751352, 1754088, 1736739457606.045000
1754088, 1755456, 1736739457606.092000
1755456, 1759560, 1736739457606.095000
1759560, 1760928, 1736739457606.099000
1760928, 1763664, 1736739457606.151000
1763664, 1767768, 1736739457606.155000
1767768, 1771872, 1736739457606.209000
1771872, 1774608, 1736739457606.214000
1774608, 1775976, 1736739457606.267000
1775976, 1780080, 1736739457606.27000
1780080, 1781448, 1736739457606.274000
1781448, 1784184, 1736739457606.325000
1784184, 1788288, 1736739457606.33000
1788288, 1792392, 1736739457606.384000
1792392, 1795128, 1736739457606.389000
1795128, 1796496, 1736739457606.442000
1796496, 1800600, 1736739457606.445000
1800600, 1801968, 1736739457606.448000
1801968, 1804704, 1736739457606.5000
1804704, 1808808, 1736739457606.505000
1808808, 1812912, 1736739457606.548000
1812912, 1814280, 1736739457606.552000
1814280, 1814285, 1736739457606.553000
1814285, 1814293, 1736739457618.843000
1814293, 1817029, 1736739457618.848000
1817029, 1819765, 1736739457618.852000
1819765, 1821133, 1736739457618.9000
1821133, 1825237, 1736739457618.903000
1825237, 1826605, 1736739457618.907000
1826605, 1829341, 1736739457618.959000
1829341, 1833445, 1736739457618.963000
1833445, 1837549, 1736739457619.017000
