0, 1537, 1736739455733.688000
1537, 3073, 1736739455734.516000
3073, 3229, 1736739455734.829000
3229, 3241, 1736739455778.019000
3241, 3341, 1736739455818.842000
3341, 3353, 1736739455819.305000
3353, 3383, 1736739455862.832000
3383, 3395, 1736739456157.207000
3395, 3730, 1736739456198.913000
3730, 3742, 1736739457261.426000
3742, 6478, 1736739457261.467000
6478, 10582, 1736739457261.485000
10582, 14686, 1736739457261.518000
14686, 16054, 1736739457261.544000
16054, 18790, 1736739457261.968000
18790, 24262, 1736739457261.999000
24262, 32420, 1736739457262.019000
32420, 35156, 1736739457262.056000
35156, 39260, 1736739457262.072000
39260, 43364, 1736739457262.089000
43364, 47468, 1736739457262.432000
47468, 51572, 1736739457262.451000
51572, 55676, 1736739457262.469000
55676, 59780, 1736739457262.484000
59780, 61099, 1736739457262.501000
61099, 63835, 1736739457262.521000
63835, 67939, 1736739457262.552000
67939, 72043, 1736739457262.573000
72043, 76147, 1736739457262.589000
76147, 80251, 1736739457262.607000
80251, 84355, 1736739457262.627000
84355, 88459, 1736739457262.644000
88459, 92563, 1736739457262.659000
92563, 96667, 1736739457262.674000
96667, 100771, 1736739457262.849000
100771, 104875, 1736739457262.868000
104875, 108979, 1736739457262.888000
108979, 113083, 1736739457262.903000
113083, 114361, 1736739457262.923000
114361, 117097, 1736739457262.941000
117097, 121201, 1736739457262.957000
121201, 125305, 1736739457262.979000
125305, 129409, 1736739457262.994000
129409, 133513, 1736739457263.017000
133513, 136249, 1736739457263.031000
136249, 143089, 1736739457263.057000
143089, 144457, 1736739457263.077000
144457, 156769, 1736739457263.17000
156769, 169213, 1736739457263.406000
169213, 169221, 1736739457275.816000
169221, 171957, 1736739457275.843000
171957, 176061, 1736739457275.863000
176061, 180165, 1736739457275.882000
180165, 184269, 1736739457275.9000
184269, 188373, 1736739457275.919000
188373, 192477, 1736739457275.938000
192477, 196581, 1736739457275.956000
196581, 200685, 1736739457275.98000
200685, 204789, 1736739457275.998000
204789, 208893, 1736739457276.016000
208893, 212997, 1736739457276.035000
212997, 217101, 1736739457276.052000
217101, 221205, 1736739457276.066000
221205, 221362, 1736739457276.232000
221362, 221370, 1736739457288.349000
221370, 224106, 1736739457288.37000
224106, 228210, 1736739457288.387000
228210, 232314, 1736739457288.405000
232314, 236418, 1736739457288.421000
236418, 240522, 1736739457288.437000
240522, 244626, 1736739457288.452000
244626, 248730, 1736739457288.472000
248730, 252834, 1736739457288.493000
252834, 256938, 1736739457288.509000
256938, 261042, 1736739457288.533000
261042, 265146, 1736739457288.55000
265146, 269250, 1736739457288.566000
269250, 273354, 1736739457288.581000
273354, 277458, 1736739457288.597000
277458, 281562, 1736739457288.612000
281562, 285666, 1736739457288.631000
285666, 289770, 1736739457288.647000
289770, 292506, 1736739457288.698000
292506, 293619, 1736739457288.777000
293619, 293627, 1736739457300.674000
293627, 296363, 1736739457300.695000
296363, 300467, 1736739457300.708000
300467, 304571, 1736739457300.721000
304571, 308675, 1736739457300.733000
308675, 312779, 1736739457300.745000
312779, 316883, 1736739457300.757000
316883, 320987, 1736739457300.77000
320987, 325091, 1736739457300.788000
325091, 329195, 1736739457300.8000
329195, 333299, 1736739457300.812000
333299, 337403, 1736739457300.823000
337403, 341507, 1736739457300.835000
341507, 345611, 1736739457300.846000
345611, 349715, 1736739457300.857000
349715, 353819, 1736739457300.868000
353819, 357923, 1736739457300.883000
357923, 362027, 1736739457300.895000
362027, 366131, 1736739457300.907000
366131, 370235, 1736739457300.919000
370235, 374339, 1736739457300.931000
374339, 378443, 1736739457300.942000
378443, 383560, 1736739457301.093000
383560, 383568, 1736739457323.712000
383568, 386304, 1736739457323.747000
386304, 390408, 1736739457323.766000
390408, 394512, 1736739457323.791000
394512, 398616, 1736739457323.812000
398616, 402720, 1736739457323.832000
402720, 406824, 1736739457323.853000
406824, 410928, 1736739457323.872000
410928, 415032, 1736739457323.899000
415032, 419136, 1736739457323.918000
419136, 423240, 1736739457323.937000
423240, 427344, 1736739457323.956000
427344, 431448, 1736739457323.974000
431448, 435552, 1736739457323.993000
435552, 439656, 1736739457324.012000
439656, 443760, 1736739457324.031000
443760, 447864, 1736739457324.055000
447864, 451968, 1736739457324.073000
451968, 456072, 1736739457324.093000
456072, 460176, 1736739457324.111000
460176, 464280, 1736739457324.13000
464280, 468384, 1736739457324.148000
468384, 478622, 1736739457324.207000
478622, 478630, 1736739457336.705000
478630, 481366, 1736739457336.728000
481366, 485470, 1736739457336.749000
485470, 489574, 1736739457336.771000
489574, 493678, 1736739457336.792000
493678, 497782, 1736739457336.812000
497782, 501886, 1736739457336.836000
501886, 505990, 1736739457336.859000
505990, 510094, 1736739457336.898000
510094, 514198, 1736739457336.921000
514198, 518302, 1736739457336.947000
518302, 522406, 1736739457336.97000
522406, 526510, 1736739457336.994000
526510, 530614, 1736739457337.017000
530614, 534718, 1736739457337.04000
534718, 538822, 1736739457337.064000
538822, 542926, 1736739457337.089000
542926, 547030, 1736739457337.11000
547030, 548278, 1736739457337.134000
548278, 551014, 1736739457337.157000
551014, 555118, 1736739457337.182000
555118, 557854, 1736739457337.204000
557854, 558292, 1736739457337.676000
558292, 558300, 1736739457349.925000
558300, 561036, 1736739457349.948000
561036, 565140, 1736739457349.968000
565140, 569244, 1736739457349.99000
569244, 573348, 1736739457350.01000
573348, 577452, 1736739457350.031000
577452, 581556, 1736739457350.051000
581556, 585660, 1736739457350.071000
585660, 589764, 1736739457350.097000
589764, 593868, 1736739457350.12000
593868, 597972, 1736739457350.14000
597972, 602076, 1736739457350.16000
602076, 606180, 1736739457350.181000
606180, 610284, 1736739457350.201000
610284, 614388, 1736739457350.221000
614388, 618492, 1736739457350.24000
618492, 622596, 1736739457350.265000
622596, 626700, 1736739457350.284000
626700, 630804, 1736739457350.305000
630804, 634908, 1736739457350.325000
634908, 639012, 1736739457350.346000
639012, 640239, 1736739457350.367000
640239, 642975, 1736739457350.392000
642975, 644065, 1736739457351.028000
644065, 644073, 1736739457373.25000
644073, 646809, 1736739457373.273000
646809, 650913, 1736739457373.293000
650913, 655017, 1736739457373.314000
655017, 659121, 1736739457373.334000
659121, 663225, 1736739457373.354000
663225, 667329, 1736739457373.375000
667329, 671433, 1736739457373.395000
671433, 675537, 1736739457373.42000
675537, 679641, 1736739457373.441000
679641, 683745, 1736739457373.463000
683745, 687849, 1736739457373.485000
687849, 691953, 1736739457373.517000
691953, 696057, 1736739457373.541000
696057, 700161, 1736739457373.561000
700161, 704265, 1736739457373.58000
704265, 708369, 1736739457373.614000
708369, 712473, 1736739457373.634000
712473, 716577, 1736739457373.655000
716577, 720681, 1736739457373.674000
720681, 721915, 1736739457373.692000
721915, 724651, 1736739457373.718000
724651, 727387, 1736739457373.744000
727387, 728492, 1736739457374.273000
728492, 728500, 1736739457386.501000
728500, 731236, 1736739457386.525000
731236, 735340, 1736739457386.547000
735340, 739444, 1736739457386.568000
739444, 743548, 1736739457386.59000
743548, 747652, 1736739457386.611000
747652, 751756, 1736739457386.631000
751756, 755860, 1736739457386.651000
755860, 759964, 1736739457386.685000
759964, 764068, 1736739457386.706000
764068, 768172, 1736739457386.727000
768172, 772276, 1736739457386.748000
772276, 776380, 1736739457386.768000
776380, 780484, 1736739457386.788000
780484, 784588, 1736739457386.808000
784588, 788692, 1736739457386.829000
788692, 792796, 1736739457386.854000
792796, 796900, 1736739457386.875000
796900, 798149, 1736739457386.899000
798149, 800885, 1736739457386.917000
800885, 804989, 1736739457386.938000
804989, 809093, 1736739457386.966000
809093, 813197, 1736739457386.985000
813197, 815933, 1736739457387.006000
815933, 817028, 1736739457387.45000
817028, 817036, 1736739457399.729000
817036, 819772, 1736739457399.755000
819772, 823876, 1736739457399.776000
823876, 827980, 1736739457399.796000
827980, 832084, 1736739457399.818000
832084, 836188, 1736739457399.837000
836188, 840292, 1736739457399.858000
840292, 844396, 1736739457399.878000
844396, 848500, 1736739457399.905000
848500, 852604, 1736739457399.926000
852604, 856708, 1736739457399.947000
856708, 860812, 1736739457399.968000
860812, 864916, 1736739457399.988000
864916, 869020, 1736739457400.011000
869020, 873124, 1736739457400.031000
873124, 877228, 1736739457400.052000
877228, 881332, 1736739457400.075000
881332, 885436, 1736739457400.096000
885436, 889540, 1736739457400.116000
889540, 890908, 1736739457400.136000
890908, 892106, 1736739457400.153000
892106, 892114, 1736739457422.882000
892114, 894850, 1736739457422.908000
894850, 898954, 1736739457422.928000
898954, 903058, 1736739457422.949000
903058, 907162, 1736739457422.969000
907162, 911266, 1736739457422.989000
911266, 915370, 1736739457423.009000
915370, 919474, 1736739457423.03000
919474, 923578, 1736739457423.057000
923578, 927682, 1736739457423.078000
927682, 931786, 1736739457423.098000
931786, 935890, 1736739457423.117000
935890, 939994, 1736739457423.136000
939994, 944098, 1736739457423.156000
944098, 948202, 1736739457423.176000
948202, 952306, 1736739457423.194000
952306, 956410, 1736739457423.218000
956410, 960514, 1736739457423.237000
960514, 964618, 1736739457423.257000
964618, 968722, 1736739457423.278000
968722, 972826, 1736739457423.3000
972826, 974053, 1736739457423.318000
974053, 976789, 1736739457423.343000
976789, 977530, 1736739457423.968000
977530, 977538, 1736739457436.022000
977538, 980274, 1736739457436.044000
980274, 984378, 1736739457436.063000
984378, 988482, 1736739457436.084000
988482, 992586, 1736739457436.104000
992586, 996690, 1736739457436.124000
996690, 1000794, 1736739457436.144000
1000794, 1004898, 1736739457436.168000
1004898, 1009002, 1736739457436.198000
1009002, 1013106, 1736739457436.218000
1013106, 1017210, 1736739457436.239000
1017210, 1021314, 1736739457436.26000
1021314, 1025418, 1736739457436.279000
1025418, 1029522, 1736739457436.298000
1029522, 1033626, 1736739457436.318000
1033626, 1037730, 1736739457436.338000
1037730, 1041834, 1736739457436.363000
1041834, 1045938, 1736739457436.383000
1045938, 1050042, 1736739457436.403000
1050042, 1054146, 1736739457436.423000
1054146, 1056882, 1736739457436.443000
1056882, 1057687, 1736739457436.482000
1057687, 1057695, 1736739457459.661000
1057695, 1060431, 1736739457459.683000
1060431, 1064535, 1736739457459.702000
1064535, 1068639, 1736739457459.724000
1068639, 1072743, 1736739457459.744000
1072743, 1076847, 1736739457459.765000
1076847, 1080951, 1736739457459.785000
1080951, 1085055, 1736739457459.805000
1085055, 1089159, 1736739457459.83000
1089159, 1093263, 1736739457459.853000
1093263, 1097367, 1736739457459.873000
1097367, 1101471, 1736739457459.892000
1101471, 1105575, 1736739457459.913000
1105575, 1109679, 1736739457459.933000
1109679, 1113783, 1736739457459.953000
1113783, 1117887, 1736739457459.973000
1117887, 1121991, 1736739457459.996000
1121991, 1126095, 1736739457460.017000
1126095, 1130199, 1736739457460.037000
1130199, 1134303, 1736739457460.057000
1134303, 1138407, 1736739457460.077000
1138407, 1142511, 1736739457460.097000
1142511, 1144410, 1736739457460.183000
1144410, 1144418, 1736739457472.738000
1144418, 1147154, 1736739457472.76000
1147154, 1151258, 1736739457472.781000
1151258, 1155362, 1736739457472.802000
1155362, 1159466, 1736739457472.823000
1159466, 1163570, 1736739457472.843000
1163570, 1167674, 1736739457472.863000
1167674, 1171778, 1736739457472.883000
1171778, 1175882, 1736739457472.908000
1175882, 1179986, 1736739457472.928000
1179986, 1184090, 1736739457472.952000
1184090, 1188194, 1736739457472.972000
1188194, 1192298, 1736739457472.993000
1192298, 1196402, 1736739457473.012000
1196402, 1200506, 1736739457473.032000
1200506, 1204610, 1736739457473.052000
1204610, 1208714, 1736739457473.075000
1208714, 1212818, 1736739457473.096000
1212818, 1216922, 1736739457473.117000
1216922, 1218163, 1736739457473.137000
1218163, 1220899, 1736739457473.162000
1220899, 1222135, 1736739457473.705000
1222135, 1222143, 1736739457485.427000
1222143, 1224879, 1736739457485.441000
1224879, 1228983, 1736739457485.453000
1228983, 1237191, 1736739457485.469000
1237191, 1241295, 1736739457485.527000
1241295, 1253607, 1736739457485.576000
1253607, 1265919, 1736739457485.602000
1265919, 1278231, 1736739457485.623000
1278231, 1286439, 1736739457485.643000
1286439, 1294647, 1736739457485.659000
1294647, 1298751, 1736739457485.69000
1298751, 1299637, 1736739457485.829000
1299637, 1299645, 1736739457507.77000
1299645, 1302381, 1736739457507.797000
1302381, 1306485, 1736739457507.809000
1306485, 1314693, 1736739457507.826000
1314693, 1322901, 1736739457507.844000
1322901, 1331109, 1736739457507.868000
1331109, 1339317, 1736739457507.884000
1339317, 1347525, 1736739457507.901000
1347525, 1355733, 1736739457507.918000
1355733, 1363941, 1736739457507.936000
1363941, 1372149, 1736739457507.952000
1372149, 1377621, 1736739457507.992000
1377621, 1378649, 1736739457508.19000
1378649, 1378657, 1736739457520.65000
1378657, 1381393, 1736739457520.674000
1381393, 1385497, 1736739457520.694000
1385497, 1389601, 1736739457520.715000
1389601, 1393705, 1736739457520.736000
1393705, 1397809, 1736739457520.757000
1397809, 1401913, 1736739457520.778000
1401913, 1406017, 1736739457520.799000
1406017, 1410121, 1736739457520.824000
1410121, 1414225, 1736739457520.845000
1414225, 1418329, 1736739457520.866000
1418329, 1422433, 1736739457520.885000
1422433, 1426537, 1736739457520.906000
1426537, 1430641, 1736739457520.926000
1430641, 1434745, 1736739457520.946000
1434745, 1438849, 1736739457520.966000
1438849, 1442953, 1736739457520.993000
1442953, 1447057, 1736739457521.013000
1447057, 1451161, 1736739457521.035000
1451161, 1455265, 1736739457521.055000
1455265, 1458001, 1736739457521.076000
1458001, 1458547, 1736739457521.101000
1458547, 1458555, 1736739457533.607000
1458555, 1461291, 1736739457533.639000
1461291, 1465395, 1736739457533.659000
1465395, 1469499, 1736739457533.683000
1469499, 1473603, 1736739457533.703000
1473603, 1477707, 1736739457533.723000
1477707, 1481811, 1736739457533.743000
1481811, 1485915, 1736739457533.762000
1485915, 1490019, 1736739457533.787000
1490019, 1494123, 1736739457533.807000
1494123, 1498227, 1736739457533.827000
1498227, 1502331, 1736739457533.853000
1502331, 1506435, 1736739457533.872000
1506435, 1510539, 1736739457533.891000
1510539, 1514643, 1736739457533.911000
1514643, 1518747, 1736739457533.93000
1518747, 1522851, 1736739457533.953000
1522851, 1524219, 1736739457533.972000
1524219, 1524671, 1736739457533.999000
1524671, 1524679, 1736739457556.662000
1524679, 1527415, 1736739457556.686000
1527415, 1531519, 1736739457556.704000
1531519, 1535623, 1736739457556.724000
1535623, 1539727, 1736739457556.746000
1539727, 1543831, 1736739457556.764000
1543831, 1547935, 1736739457556.783000
1547935, 1552039, 1736739457556.802000
1552039, 1556143, 1736739457556.826000
1556143, 1560247, 1736739457556.845000
1560247, 1564351, 1736739457556.865000
1564351, 1568455, 1736739457556.884000
1568455, 1572559, 1736739457556.904000
1572559, 1576663, 1736739457556.922000
1576663, 1580767, 1736739457556.942000
1580767, 1584871, 1736739457556.96000
1584871, 1588975, 1736739457556.984000
1588975, 1593079, 1736739457557.003000
1593079, 1597183, 1736739457557.022000
1597183, 1599919, 1736739457557.041000
1599919, 1600983, 1736739457557.126000
1600983, 1600991, 1736739457569.461000
1600991, 1603727, 1736739457569.49000
1603727, 1607831, 1736739457569.523000
1607831, 1611935, 1736739457569.543000
1611935, 1616039, 1736739457569.563000
1616039, 1620143, 1736739457569.582000
1620143, 1624247, 1736739457569.601000
1624247, 1628351, 1736739457569.62000
1628351, 1632455, 1736739457569.645000
1632455, 1636559, 1736739457569.664000
1636559, 1640663, 1736739457569.683000
1640663, 1644767, 1736739457569.703000
1644767, 1648871, 1736739457569.723000
1648871, 1652975, 1736739457569.742000
1652975, 1657079, 1736739457569.76000
1657079, 1661183, 1736739457569.778000
1661183, 1665287, 1736739457569.8000
1665287, 1669391, 1736739457569.82000
1669391, 1673495, 1736739457569.839000
1673495, 1674863, 1736739457569.858000
1674863, 1676111, 1736739457569.984000
1676111, 1676119, 1736739457592.431000
1676119, 1678855, 1736739457592.46000
1678855, 1682959, 1736739457592.478000
1682959, 1687063, 1736739457592.498000
1687063, 1691167, 1736739457592.517000
1691167, 1695271, 1736739457592.536000
1695271, 1699375, 1736739457592.555000
1699375, 1703479, 1736739457592.574000
1703479, 1707583, 1736739457592.6000
1707583, 1711687, 1736739457592.619000
1711687, 1715791, 1736739457592.639000
1715791, 1719895, 1736739457592.657000
1719895, 1723999, 1736739457592.676000
1723999, 1728103, 1736739457592.695000
1728103, 1732207, 1736739457592.714000
1732207, 1736311, 1736739457592.732000
1736311, 1740415, 1736739457592.754000
1740415, 1744519, 1736739457592.773000
1744519, 1747255, 1736739457592.792000
1747255, 1748608, 1736739457592.884000
1748608, 1748616, 1736739457605.213000
1748616, 1751352, 1736739457605.237000
1751352, 1755456, 1736739457605.256000
1755456, 1759560, 1736739457605.277000
1759560, 1763664, 1736739457605.297000
1763664, 1767768, 1736739457605.316000
1767768, 1771872, 1736739457605.335000
1771872, 1775976, 1736739457605.354000
1775976, 1780080, 1736739457605.38000
1780080, 1784184, 1736739457605.4000
1784184, 1788288, 1736739457605.42000
1788288, 1792392, 1736739457605.439000
1792392, 1796496, 1736739457605.458000
1796496, 1800600, 1736739457605.476000
1800600, 1804704, 1736739457605.495000
1804704, 1808808, 1736739457605.528000
1808808, 1812912, 1736739457605.55000
1812912, 1814280, 1736739457605.568000
1814280, 1814285, 1736739457605.626000
1814285, 1814293, 1736739457618.041000
1814293, 1817029, 1736739457618.063000
1817029, 1821133, 1736739457618.083000
1821133, 1825237, 1736739457618.104000
1825237, 1829341, 1736739457618.123000
1829341, 1833445, 1736739457618.143000
1833445, 1837549, 1736739457618.164000
